-9.393999999999999773e+02 8.430000000000000000e+02
-9.393999999999999773e+02 8.690000000000000000e+02
-9.335000000000000000e+02 1.950000000000000000e+01
-9.335000000000000000e+02 4.550000000000000000e+01
-9.183999999999999773e+02 8.300000000000000000e+02
-9.183999999999999773e+02 8.560000000000000000e+02
-9.125000000000000000e+02 6.500000000000000000e+00
-9.125000000000000000e+02 3.250000000000000000e+01
-8.973999999999999773e+02 8.430000000000000000e+02
-8.973999999999999773e+02 8.690000000000000000e+02
-8.915000000000000000e+02 1.950000000000000000e+01
-8.763999999999999773e+02 8.300000000000000000e+02
-8.763999999999999773e+02 8.560000000000000000e+02
-8.705000000000000000e+02 6.500000000000000000e+00
-8.705000000000000000e+02 3.250000000000000000e+01
-8.553999999999999773e+02 8.430000000000000000e+02
-8.553999999999999773e+02 8.690000000000000000e+02
-8.495000000000000000e+02 1.950000000000000000e+01
-8.495000000000000000e+02 4.550000000000000000e+01
-8.343999999999999773e+02 8.300000000000000000e+02
-8.343999999999999773e+02 8.560000000000000000e+02
-8.285000000000000000e+02 6.500000000000000000e+00
-8.285000000000000000e+02 3.250000000000000000e+01
-8.133999999999999773e+02 8.430000000000000000e+02
-8.133999999999999773e+02 8.690000000000000000e+02
-8.075000000000000000e+02 1.950000000000000000e+01
-8.075000000000000000e+02 4.550000000000000000e+01
-7.924000000000000909e+02 8.300000000000000000e+02
-7.924000000000000909e+02 8.560000000000000000e+02
-7.923999999999999773e+02 8.300000000000000000e+02
-7.923999999999999773e+02 8.560000000000000000e+02
-7.923999999999998636e+02 8.300000000000000000e+02
-7.923999999999998636e+02 8.560000000000000000e+02
-7.865000000000000000e+02 6.500000000000000000e+00
-7.865000000000000000e+02 3.250000000000000000e+01
-7.714000000000000909e+02 8.430000000000000000e+02
-7.714000000000000909e+02 8.690000000000000000e+02
-7.713999999999999773e+02 8.430000000000000000e+02
-7.713999999999999773e+02 8.690000000000000000e+02
-7.713999999999998636e+02 8.430000000000000000e+02
-7.713999999999998636e+02 8.690000000000000000e+02
-7.655000000000000000e+02 1.950000000000000000e+01
-7.655000000000000000e+02 4.550000000000000000e+01
-7.503999999999999773e+02 8.300000000000000000e+02
-7.503999999999999773e+02 8.560000000000000000e+02
-7.445000000000000000e+02 6.500000000000000000e+00
-7.445000000000000000e+02 3.250000000000000000e+01
-7.293999999999999773e+02 8.430000000000000000e+02
-7.293999999999999773e+02 8.690000000000000000e+02
-7.235000000000000000e+02 1.950000000000000000e+01
-7.235000000000000000e+02 4.550000000000000000e+01
-7.083999999999999773e+02 8.300000000000000000e+02
-7.083999999999999773e+02 8.560000000000000000e+02
-7.025000000000000000e+02 6.500000000000000000e+00
-7.025000000000000000e+02 3.250000000000000000e+01
-6.873999999999999773e+02 8.430000000000000000e+02
-6.873999999999999773e+02 8.690000000000000000e+02
-6.815000000000000000e+02 1.950000000000000000e+01
-6.815000000000000000e+02 4.550000000000000000e+01
-6.663999999999999773e+02 8.300000000000000000e+02
-6.663999999999999773e+02 8.560000000000000000e+02
-6.605000000000000000e+02 6.500000000000000000e+00
-6.605000000000000000e+02 3.250000000000000000e+01
-6.453999999999999773e+02 8.430000000000000000e+02
-6.453999999999999773e+02 8.690000000000000000e+02
-6.395000000000000000e+02 1.950000000000000000e+01
-6.395000000000000000e+02 4.550000000000000000e+01
-6.243999999999999773e+02 8.300000000000000000e+02
-6.243999999999999773e+02 8.560000000000000000e+02
-6.185000000000000000e+02 6.500000000000000000e+00
-6.185000000000000000e+02 3.250000000000000000e+01
-6.033999999999999773e+02 8.430000000000000000e+02
-6.033999999999999773e+02 8.690000000000000000e+02
-5.975000000000000000e+02 1.950000000000000000e+01
-5.975000000000000000e+02 4.550000000000000000e+01
-5.823999999999999773e+02 8.300000000000000000e+02
-5.823999999999999773e+02 8.560000000000000000e+02
-5.765000000000000000e+02 6.500000000000000000e+00
-5.765000000000000000e+02 3.250000000000000000e+01
-5.613999999999999773e+02 8.430000000000000000e+02
-5.613999999999999773e+02 8.690000000000000000e+02
-5.555000000000000000e+02 1.950000000000000000e+01
-5.555000000000000000e+02 4.550000000000000000e+01
-5.403999999999999773e+02 8.300000000000000000e+02
-5.403999999999999773e+02 8.560000000000000000e+02
-5.345000000000000000e+02 6.500000000000000000e+00
-5.345000000000000000e+02 3.250000000000000000e+01
-5.193999999999999773e+02 8.430000000000000000e+02
-5.193999999999999773e+02 8.690000000000000000e+02
-5.135000000000000000e+02 1.950000000000000000e+01
-5.135000000000000000e+02 4.550000000000000000e+01
-4.983999999999999773e+02 8.300000000000000000e+02
-4.983999999999999773e+02 8.560000000000000000e+02
-4.925000000000000000e+02 6.500000000000000000e+00
-4.925000000000000000e+02 3.250000000000000000e+01
-4.773999999999999773e+02 8.430000000000000000e+02
-4.773999999999999773e+02 8.690000000000000000e+02
-4.715000000000000000e+02 1.950000000000000000e+01
-4.715000000000000000e+02 4.550000000000000000e+01
-4.563999999999999773e+02 8.300000000000000000e+02
-4.563999999999999773e+02 8.560000000000000000e+02
-4.505000000000000000e+02 6.500000000000000000e+00
-4.505000000000000000e+02 3.250000000000000000e+01
-4.353999999999999773e+02 8.430000000000000000e+02
-4.353999999999999773e+02 8.690000000000000000e+02
-4.295000000000000000e+02 1.950000000000000000e+01
-4.295000000000000000e+02 4.550000000000000000e+01
-4.143999999999999773e+02 8.300000000000000000e+02
-4.143999999999999773e+02 8.560000000000000000e+02
-4.085000000000000000e+02 6.500000000000000000e+00
-4.085000000000000000e+02 3.250000000000000000e+01
-3.933999999999999773e+02 8.430000000000000000e+02
-3.933999999999999773e+02 8.690000000000000000e+02
-3.875000000000000000e+02 1.950000000000000000e+01
-3.875000000000000000e+02 4.550000000000000000e+01
-3.724249999999999545e+02 8.300000000000000000e+02
-3.724249999999999545e+02 8.560000000000000000e+02
-3.724199999999999591e+02 8.300000000000000000e+02
-3.724199999999999591e+02 8.560000000000000000e+02
-3.724149999999999636e+02 8.300000000000000000e+02
-3.724149999999999636e+02 8.560000000000000000e+02
-3.724099999999999682e+02 8.300000000000000000e+02
-3.724099999999999682e+02 8.560000000000000000e+02
-3.724049999999999727e+02 8.300000000000000000e+02
-3.724049999999999727e+02 8.560000000000000000e+02
-3.723999999999999773e+02 8.300000000000000000e+02
-3.723999999999999773e+02 8.560000000000000000e+02
-3.723949999999999818e+02 8.300000000000000000e+02
-3.723949999999999818e+02 8.560000000000000000e+02
-3.723899999999999864e+02 8.300000000000000000e+02
-3.723899999999999864e+02 8.560000000000000000e+02
-3.723849999999999909e+02 8.300000000000000000e+02
-3.723849999999999909e+02 8.560000000000000000e+02
-3.723799999999999955e+02 8.300000000000000000e+02
-3.723799999999999955e+02 8.560000000000000000e+02
-3.723750000000000000e+02 8.300000000000000000e+02
-3.723750000000000000e+02 8.560000000000000000e+02
-3.665249999999999773e+02 6.500000000000000000e+00
-3.665249999999999773e+02 3.250000000000000000e+01
-3.665199999999999818e+02 6.500000000000000000e+00
-3.665199999999999818e+02 3.250000000000000000e+01
-3.665149999999999864e+02 6.500000000000000000e+00
-3.665149999999999864e+02 3.250000000000000000e+01
-3.665099999999999909e+02 6.500000000000000000e+00
-3.665099999999999909e+02 3.250000000000000000e+01
-3.665049999999999955e+02 6.500000000000000000e+00
-3.665049999999999955e+02 3.250000000000000000e+01
-3.665000000000000000e+02 6.500000000000000000e+00
-3.665000000000000000e+02 3.250000000000000000e+01
-3.664950000000000045e+02 6.500000000000000000e+00
-3.664950000000000045e+02 3.250000000000000000e+01
-3.664900000000000091e+02 6.500000000000000000e+00
-3.664900000000000091e+02 3.250000000000000000e+01
-3.664850000000000136e+02 6.500000000000000000e+00
-3.664850000000000136e+02 3.250000000000000000e+01
-3.664800000000000182e+02 6.500000000000000000e+00
-3.664800000000000182e+02 3.250000000000000000e+01
-3.664750000000000227e+02 6.500000000000000000e+00
-3.664750000000000227e+02 3.250000000000000000e+01
-3.514249999999999545e+02 8.430000000000000000e+02
-3.514249999999999545e+02 8.690000000000000000e+02
-3.514199999999999591e+02 8.430000000000000000e+02
-3.514199999999999591e+02 8.690000000000000000e+02
-3.514149999999999636e+02 8.430000000000000000e+02
-3.514149999999999636e+02 8.690000000000000000e+02
-3.514099999999999682e+02 8.430000000000000000e+02
-3.514099999999999682e+02 8.690000000000000000e+02
-3.514049999999999727e+02 8.430000000000000000e+02
-3.514049999999999727e+02 8.690000000000000000e+02
-3.513999999999999773e+02 8.430000000000000000e+02
-3.513999999999999773e+02 8.690000000000000000e+02
-3.513949999999999818e+02 8.430000000000000000e+02
-3.513949999999999818e+02 8.690000000000000000e+02
-3.513899999999999864e+02 8.430000000000000000e+02
-3.513899999999999864e+02 8.690000000000000000e+02
-3.513849999999999909e+02 8.430000000000000000e+02
-3.513849999999999909e+02 8.690000000000000000e+02
-3.513799999999999955e+02 8.430000000000000000e+02
-3.513799999999999955e+02 8.690000000000000000e+02
-3.513750000000000000e+02 8.430000000000000000e+02
-3.513750000000000000e+02 8.690000000000000000e+02
-3.455249999999999773e+02 1.950000000000000000e+01
-3.455249999999999773e+02 4.550000000000000000e+01
-3.455199999999999818e+02 1.950000000000000000e+01
-3.455199999999999818e+02 4.550000000000000000e+01
-3.455149999999999864e+02 1.950000000000000000e+01
-3.455149999999999864e+02 4.550000000000000000e+01
-3.455099999999999909e+02 1.950000000000000000e+01
-3.455099999999999909e+02 4.550000000000000000e+01
-3.455049999999999955e+02 1.950000000000000000e+01
-3.455049999999999955e+02 4.550000000000000000e+01
-3.455000000000000000e+02 1.950000000000000000e+01
-3.455000000000000000e+02 4.550000000000000000e+01
-3.454950000000000045e+02 1.950000000000000000e+01
-3.454950000000000045e+02 4.550000000000000000e+01
-3.454900000000000091e+02 1.950000000000000000e+01
-3.454900000000000091e+02 4.550000000000000000e+01
-3.454850000000000136e+02 1.950000000000000000e+01
-3.454850000000000136e+02 4.550000000000000000e+01
-3.454800000000000182e+02 1.950000000000000000e+01
-3.454800000000000182e+02 4.550000000000000000e+01
-3.454750000000000227e+02 1.950000000000000000e+01
-3.454750000000000227e+02 4.550000000000000000e+01
-3.303999999999999773e+02 8.300000000000000000e+02
-3.303999999999999773e+02 8.560000000000000000e+02
-3.245000000000000000e+02 6.500000000000000000e+00
-3.245000000000000000e+02 3.250000000000000000e+01
-3.093999999999999773e+02 8.430000000000000000e+02
-3.093999999999999773e+02 8.690000000000000000e+02
-3.035000000000000000e+02 1.950000000000000000e+01
-3.035000000000000000e+02 4.550000000000000000e+01
-2.884024999999999750e+02 8.300000000000000000e+02
-2.884024999999999750e+02 8.560000000000000000e+02
-2.884019999999999868e+02 8.300000000000000000e+02
-2.884019999999999868e+02 8.560000000000000000e+02
-2.884019999999999300e+02 8.300000000000000000e+02
-2.884019999999999300e+02 8.560000000000000000e+02
-2.884019499999999994e+02 8.560000000000000000e+02
-2.884019499999999425e+02 8.300000000000000000e+02
-2.884018999999999551e+02 8.300000000000000000e+02
-2.884015499999999292e+02 8.300000000000000000e+02
-2.884015499999999292e+02 8.560000000000000000e+02
-2.884014999999999986e+02 8.300000000000000000e+02
-2.884014999999999986e+02 8.560000000000000000e+02
-2.884014999999999418e+02 8.300000000000000000e+02
-2.884014999999999418e+02 8.560000000000000000e+02
-2.884011499999999728e+02 8.300000000000000000e+02
-2.884011499999999728e+02 8.560000000000000000e+02
-2.884009999999999536e+02 8.300000000000000000e+02
-2.884009999999999536e+02 8.560000000000000000e+02
-2.884006999999999721e+02 8.300000000000000000e+02
-2.884004999999999654e+02 8.300000000000000000e+02
-2.884004999999999654e+02 8.560000000000000000e+02
-2.883999999999999773e+02 8.300000000000000000e+02
-2.883999999999999773e+02 8.560000000000000000e+02
-2.883994999999999891e+02 8.300000000000000000e+02
-2.883994999999999891e+02 8.560000000000000000e+02
-2.883992999999999824e+02 8.300000000000000000e+02
-2.883990000000000009e+02 8.300000000000000000e+02
-2.883990000000000009e+02 8.560000000000000000e+02
-2.883988499999999817e+02 8.300000000000000000e+02
-2.883988499999999817e+02 8.560000000000000000e+02
-2.883985000000000127e+02 8.300000000000000000e+02
-2.883985000000000127e+02 8.560000000000000000e+02
-2.883984999999999559e+02 8.560000000000000000e+02
-2.883980500000000120e+02 8.300000000000000000e+02
-2.883980000000000246e+02 8.300000000000000000e+02
-2.883980000000000246e+02 8.560000000000000000e+02
-2.883979999999999677e+02 8.300000000000000000e+02
-2.883979999999999677e+02 8.560000000000000000e+02
-2.883974999999999795e+02 8.300000000000000000e+02
-2.883974999999999795e+02 8.560000000000000000e+02
-2.825024999999999977e+02 6.500000000000000000e+00
-2.825024999999999977e+02 3.250000000000000000e+01
-2.825023499999999785e+02 3.250000000000000000e+01
-2.825022999999999911e+02 3.250000000000000000e+01
-2.825020000000000095e+02 6.500000000000000000e+00
-2.825020000000000095e+02 3.250000000000000000e+01
-2.825019999999999527e+02 6.500000000000000000e+00
-2.825019999999999527e+02 3.250000000000000000e+01
-2.825019499999999653e+02 6.500000000000000000e+00
-2.825018999999999778e+02 6.500000000000000000e+00
-2.825018749999999841e+02 6.500000000000000000e+00
-2.825015499999999520e+02 3.250000000000000000e+01
-2.825015000000000214e+02 6.500000000000000000e+00
-2.825015000000000214e+02 3.250000000000000000e+01
-2.825014999999999645e+02 6.500000000000000000e+00
-2.825014999999999645e+02 3.250000000000000000e+01
-2.825011499999999955e+02 6.500000000000000000e+00
-2.825011499999999955e+02 3.250000000000000000e+01
-2.825009999999999764e+02 6.500000000000000000e+00
-2.825009999999999764e+02 3.250000000000000000e+01
-2.825007500000000391e+02 6.500000000000000000e+00
-2.825004999999999882e+02 6.500000000000000000e+00
-2.825004999999999882e+02 3.250000000000000000e+01
-2.825000000000000000e+02 6.500000000000000000e+00
-2.825000000000000000e+02 3.250000000000000000e+01
-2.824996499999999742e+02 6.500000000000000000e+00
-2.824995000000000118e+02 6.500000000000000000e+00
-2.824995000000000118e+02 3.250000000000000000e+01
-2.824993000000000052e+02 6.500000000000000000e+00
-2.824993000000000052e+02 3.250000000000000000e+01
-2.824992499999999609e+02 6.500000000000000000e+00
-2.824990000000000236e+02 6.500000000000000000e+00
-2.824990000000000236e+02 3.250000000000000000e+01
-2.824988500000000045e+02 6.500000000000000000e+00
-2.824988500000000045e+02 3.250000000000000000e+01
-2.824987999999999602e+02 6.500000000000000000e+00
-2.824985000000000355e+02 6.500000000000000000e+00
-2.824985000000000355e+02 3.250000000000000000e+01
-2.824984999999999786e+02 6.500000000000000000e+00
-2.824984999999999786e+02 3.250000000000000000e+01
-2.824981250000000159e+02 3.250000000000000000e+01
-2.824980000000000473e+02 6.500000000000000000e+00
-2.824980000000000473e+02 3.250000000000000000e+01
-2.824979999999999905e+02 6.500000000000000000e+00
-2.824979999999999905e+02 3.250000000000000000e+01
-2.824975000000000023e+02 6.500000000000000000e+00
-2.824975000000000023e+02 3.250000000000000000e+01
2.753999999999999773e+02 1.950000000000000000e+01
2.753999999999999773e+02 4.550000000000000000e+01
2.963999999999999773e+02 6.500000000000000000e+00
2.963999999999999773e+02 3.250000000000000000e+01
3.173999999999999773e+02 1.950000000000000000e+01
3.173999999999999773e+02 4.550000000000000000e+01
3.222000000000000455e+02 8.430000000000000000e+02
3.222000000000000455e+02 8.690000000000000000e+02
3.383999999999999773e+02 6.500000000000000000e+00
3.383999999999999773e+02 3.250000000000000000e+01
3.432000000000000455e+02 8.300000000000000000e+02
3.432000000000000455e+02 8.560000000000000000e+02
3.593999999999999773e+02 1.950000000000000000e+01
3.593999999999999773e+02 4.550000000000000000e+01
3.642000000000000455e+02 8.430000000000000000e+02
3.642000000000000455e+02 8.690000000000000000e+02
3.803999999999999773e+02 6.500000000000000000e+00
3.803999999999999773e+02 3.250000000000000000e+01
3.852000000000000455e+02 8.300000000000000000e+02
3.852000000000000455e+02 8.560000000000000000e+02
4.013999999999999773e+02 1.950000000000000000e+01
4.013999999999999773e+02 4.550000000000000000e+01
4.062000000000000455e+02 8.690000000000000000e+02
4.223999999999999773e+02 6.500000000000000000e+00
4.223999999999999773e+02 3.250000000000000000e+01
4.272000000000000455e+02 8.300000000000000000e+02
4.272000000000000455e+02 8.560000000000000000e+02
4.433999999999999773e+02 1.950000000000000000e+01
4.433999999999999773e+02 4.550000000000000000e+01
4.482000000000000455e+02 8.430000000000000000e+02
4.643999999999999773e+02 6.500000000000000000e+00
4.643999999999999773e+02 3.250000000000000000e+01
4.692000000000000455e+02 8.300000000000000000e+02
4.692000000000000455e+02 8.560000000000000000e+02
4.853999999999999773e+02 1.950000000000000000e+01
4.853999999999999773e+02 4.550000000000000000e+01
4.902000000000000455e+02 8.430000000000000000e+02
4.902000000000000455e+02 8.690000000000000000e+02
5.063999999999999773e+02 6.500000000000000000e+00
5.063999999999999773e+02 3.250000000000000000e+01
5.112000000000000455e+02 8.300000000000000000e+02
5.112000000000000455e+02 8.560000000000000000e+02
5.273999999999999773e+02 1.950000000000000000e+01
5.273999999999999773e+02 4.550000000000000000e+01
5.322000000000000455e+02 8.430000000000000000e+02
5.322000000000000455e+02 8.690000000000000000e+02
5.483999999999999773e+02 6.500000000000000000e+00
5.483999999999999773e+02 3.250000000000000000e+01
5.532000000000000455e+02 8.300000000000000000e+02
5.532000000000000455e+02 8.560000000000000000e+02
5.693999999999999773e+02 1.950000000000000000e+01
5.693999999999999773e+02 4.550000000000000000e+01
5.742000000000000455e+02 8.690000000000000000e+02
5.903999999999999773e+02 6.500000000000000000e+00
5.903999999999999773e+02 3.250000000000000000e+01
5.952000000000000455e+02 8.300000000000000000e+02
5.952000000000000455e+02 8.560000000000000000e+02
6.113999999999999773e+02 1.950000000000000000e+01
6.113999999999999773e+02 4.550000000000000000e+01
6.162000000000000455e+02 8.430000000000000000e+02
6.162000000000000455e+02 8.690000000000000000e+02
6.323999999999999773e+02 6.500000000000000000e+00
6.323999999999999773e+02 3.250000000000000000e+01
6.372000000000000455e+02 8.300000000000000000e+02
6.533999999999999773e+02 1.950000000000000000e+01
6.533999999999999773e+02 4.550000000000000000e+01
6.582000000000000455e+02 8.430000000000000000e+02
6.582000000000000455e+02 8.690000000000000000e+02
6.743999999999999773e+02 6.500000000000000000e+00
6.743999999999999773e+02 3.250000000000000000e+01
6.792000000000000455e+02 8.300000000000000000e+02
6.953999999999999773e+02 1.950000000000000000e+01
6.953999999999999773e+02 4.550000000000000000e+01
7.002000000000000455e+02 8.430000000000000000e+02
7.002000000000000455e+02 8.690000000000000000e+02
7.163999999999999773e+02 6.500000000000000000e+00
7.163999999999999773e+02 3.250000000000000000e+01
7.212000000000000455e+02 8.300000000000000000e+02
7.212000000000000455e+02 8.560000000000000000e+02
7.373999999999999773e+02 1.950000000000000000e+01
7.373999999999999773e+02 4.550000000000000000e+01
7.422000000000000455e+02 8.430000000000000000e+02
7.422000000000000455e+02 8.690000000000000000e+02
7.583999999999999773e+02 6.500000000000000000e+00
7.583999999999999773e+02 3.250000000000000000e+01
7.632000000000000455e+02 8.300000000000000000e+02
7.632000000000000455e+02 8.560000000000000000e+02
7.793999999999999773e+02 1.950000000000000000e+01
7.793999999999999773e+02 4.550000000000000000e+01
7.842000000000000455e+02 8.430000000000000000e+02
7.842000000000000455e+02 8.690000000000000000e+02
8.003999999999998636e+02 6.500000000000000000e+00
8.003999999999999773e+02 6.500000000000000000e+00
8.003999999999999773e+02 3.250000000000000000e+01
8.004000000000000909e+02 3.250000000000000000e+01
8.052000000000000455e+02 8.300000000000000000e+02
8.052000000000000455e+02 8.560000000000000000e+02
8.213999999999998636e+02 1.950000000000000000e+01
8.213999999999998636e+02 4.550000000000000000e+01
8.213999999999999773e+02 1.950000000000000000e+01
8.213999999999999773e+02 4.550000000000000000e+01
8.214000000000000909e+02 1.950000000000000000e+01
8.214000000000000909e+02 4.550000000000000000e+01
8.262000000000000455e+02 8.430000000000000000e+02
8.262000000000000455e+02 8.690000000000000000e+02
8.423750000000000000e+02 3.250000000000000000e+01
8.423799999999998818e+02 3.250000000000000000e+01
8.423799999999999955e+02 6.500000000000000000e+00
8.423799999999999955e+02 3.250000000000000000e+01
8.423849999999999909e+02 6.500000000000000000e+00
8.423849999999999909e+02 3.250000000000000000e+01
8.423899999999998727e+02 6.500000000000000000e+00
8.423899999999999864e+02 6.500000000000000000e+00
8.423899999999999864e+02 3.250000000000000000e+01
8.423949999999999818e+02 6.500000000000000000e+00
8.423949999999999818e+02 3.250000000000000000e+01
8.423999999999999773e+02 6.500000000000000000e+00
8.423999999999999773e+02 3.250000000000000000e+01
8.424049999999999727e+02 6.500000000000000000e+00
8.424049999999999727e+02 3.250000000000000000e+01
8.424149999999999636e+02 6.500000000000000000e+00
8.424149999999999636e+02 3.250000000000000000e+01
8.424199999999999591e+02 6.500000000000000000e+00
8.424199999999999591e+02 3.250000000000000000e+01
8.424249999999999545e+02 6.500000000000000000e+00
8.424249999999999545e+02 3.250000000000000000e+01
8.472000000000000455e+02 8.300000000000000000e+02
8.633799999999999955e+02 1.950000000000000000e+01
8.633899999999998727e+02 4.550000000000000000e+01
8.633949999999999818e+02 1.950000000000000000e+01
8.633949999999999818e+02 4.550000000000000000e+01
8.633999999999999773e+02 1.950000000000000000e+01
8.633999999999999773e+02 4.550000000000000000e+01
8.634099999999999682e+02 1.950000000000000000e+01
8.634149999999999636e+02 4.550000000000000000e+01
8.634199999999999591e+02 1.950000000000000000e+01
8.634199999999999591e+02 4.550000000000000000e+01
8.634200000000000728e+02 1.950000000000000000e+01
8.634249999999999545e+02 1.950000000000000000e+01
8.634249999999999545e+02 4.550000000000000000e+01
8.682000000000000455e+02 8.430000000000000000e+02
8.682050000000000409e+02 8.430000000000000000e+02
8.843999999999999773e+02 6.500000000000000000e+00
8.843999999999999773e+02 3.250000000000000000e+01
8.891749999999999545e+02 8.300000000000000000e+02
8.891749999999999545e+02 8.560000000000000000e+02
8.891750000000000682e+02 8.300000000000000000e+02
8.891750000000000682e+02 8.560000000000000000e+02
8.891800000000000637e+02 8.300000000000000000e+02
8.891800000000000637e+02 8.560000000000000000e+02
8.891849999999999454e+02 8.300000000000000000e+02
8.891849999999999454e+02 8.560000000000000000e+02
8.891850000000000591e+02 8.300000000000000000e+02
8.891850000000000591e+02 8.560000000000000000e+02
8.891900000000000546e+02 8.300000000000000000e+02
8.891900000000000546e+02 8.560000000000000000e+02
8.891950000000000500e+02 8.300000000000000000e+02
8.891950000000000500e+02 8.560000000000000000e+02
8.892000000000000455e+02 8.300000000000000000e+02
8.892000000000000455e+02 8.560000000000000000e+02
8.892050000000000409e+02 8.300000000000000000e+02
8.892050000000000409e+02 8.560000000000000000e+02
8.892100000000000364e+02 8.300000000000000000e+02
8.892100000000000364e+02 8.560000000000000000e+02
8.892150000000000318e+02 8.300000000000000000e+02
8.892150000000000318e+02 8.560000000000000000e+02
8.892150000000001455e+02 8.300000000000000000e+02
8.892150000000001455e+02 8.560000000000000000e+02
8.892200000000000273e+02 8.300000000000000000e+02
8.892200000000000273e+02 8.560000000000000000e+02
8.892250000000000227e+02 8.560000000000000000e+02
8.892250000000001364e+02 8.560000000000000000e+02
9.053999999999998636e+02 4.550000000000000000e+01
9.053999999999999773e+02 1.950000000000000000e+01
9.053999999999999773e+02 4.550000000000000000e+01
9.101749999999999545e+02 8.430000000000000000e+02
9.101750000000000682e+02 8.430000000000000000e+02
9.101750000000000682e+02 8.690000000000000000e+02
9.101800000000000637e+02 8.430000000000000000e+02
9.101800000000000637e+02 8.690000000000000000e+02
9.101849999999999454e+02 8.690000000000000000e+02
9.101850000000000591e+02 8.430000000000000000e+02
9.101850000000000591e+02 8.690000000000000000e+02
9.101950000000000500e+02 8.690000000000000000e+02
9.102000000000000455e+02 8.430000000000000000e+02
9.102000000000000455e+02 8.690000000000000000e+02
9.102050000000000409e+02 8.690000000000000000e+02
9.102100000000000364e+02 8.430000000000000000e+02
9.102100000000000364e+02 8.690000000000000000e+02
9.102150000000000318e+02 8.430000000000000000e+02
9.102150000000000318e+02 8.690000000000000000e+02
9.102200000000000273e+02 8.690000000000000000e+02
9.102250000000000227e+02 8.690000000000000000e+02
9.263975000000000364e+02 6.500000000000000000e+00
9.263975000000000364e+02 3.250000000000000000e+01
9.263979999999999109e+02 6.500000000000000000e+00
9.263985000000000127e+02 6.500000000000000000e+00
9.263988500000000386e+02 3.250000000000000000e+01
9.263989999999998872e+02 6.500000000000000000e+00
9.263990000000000009e+02 6.500000000000000000e+00
9.263990000000000009e+02 3.250000000000000000e+01
9.263994999999999891e+02 6.500000000000000000e+00
9.263994999999999891e+02 3.250000000000000000e+01
9.263999999999999773e+02 6.500000000000000000e+00
9.263999999999999773e+02 3.250000000000000000e+01
9.264004999999999654e+02 3.250000000000000000e+01
9.264009999999999536e+02 3.250000000000000000e+01
9.264014999999999418e+02 3.250000000000000000e+01
9.264020000000000437e+02 6.500000000000000000e+00
9.264020000000000437e+02 3.250000000000000000e+01
9.264024999999999181e+02 6.500000000000000000e+00
9.264024999999999181e+02 3.250000000000000000e+01
9.312000000000000455e+02 8.300000000000000000e+02
9.312000000000000455e+02 8.560000000000000000e+02
9.522000000000000455e+02 8.430000000000000000e+02
9.522000000000000455e+02 8.690000000000000000e+02
9.731974999999999909e+02 8.300000000000000000e+02
9.731974999999999909e+02 8.560000000000000000e+02
9.731980000000000928e+02 8.300000000000000000e+02
9.731980000000000928e+02 8.560000000000000000e+02
9.731984500000000935e+02 8.300000000000000000e+02
9.731984999999999673e+02 8.300000000000000000e+02
9.731984999999999673e+02 8.560000000000000000e+02
9.731985000000000809e+02 8.300000000000000000e+02
9.731988499999999931e+02 8.560000000000000000e+02
9.731990000000000691e+02 8.300000000000000000e+02
9.731990000000000691e+02 8.560000000000000000e+02
9.731994999999999436e+02 8.560000000000000000e+02
9.731995000000000573e+02 8.300000000000000000e+02
9.731995000000000573e+02 8.560000000000000000e+02
9.732000000000000455e+02 8.300000000000000000e+02
9.732000000000000455e+02 8.560000000000000000e+02
9.732004349999999704e+02 8.300000000000000000e+02
9.732005000000000337e+02 8.300000000000000000e+02
9.732005000000000337e+02 8.560000000000000000e+02
9.732008000000000720e+02 8.300000000000000000e+02
9.732010000000000218e+02 8.560000000000000000e+02
9.732011500000000979e+02 8.560000000000000000e+02
9.732015000000000100e+02 8.560000000000000000e+02
9.732015000000001237e+02 8.560000000000000000e+02
9.732019999999999982e+02 8.300000000000000000e+02
9.732019999999999982e+02 8.560000000000000000e+02
9.732025000000001000e+02 8.300000000000000000e+02
9.732025000000001000e+02 8.560000000000000000e+02
